1 257.2857142857 255 0
2 257.2857142857 237 0
3 257.2857142857 256 0
4 257.2857142857 213 1
5 257.2857142857 251 0
6 257.2857142857 250 0
7 257.2857142857 259 0
8 257.2857142857 224 0
9 257.2857142857 237 0
10 257.2857142857 243 0
11 257.2857142857 246 1
12 257.2857142857 234 0
13 257.2857142857 245 0
14 257.2857142857 250 0
15 257.2857142857 218 0
16 257.2857142857 193 0
17 257.2857142857 235 0
18 257.2857142857 249 0
19 257.2857142857 259 1
20 257.2857142857 241 0
21 257.2857142857 234 0
22 257.2857142857 287 0
23 257.2857142857 262 0
24 257.2857142857 247 0
25 257.2857142857 257 1
26 257.2857142857 228 0
27 257.2857142857 244 0
28 257.2857142857 238 0
29 257.2857142857 346 0
30 257.2857142857 309 0
31 257.2857142857 294 0
32 257.2857142857 321 1
33 257.2857142857 331 0
34 257.2857142857 290 0
35 257.2857142857 322 0